sample	chr	state	seg_id	min_start	max_end	mean_copy
61	1	3	762	1	58000000	0.452032221611268
61	1	2	763	58000001	249500000	0.0583242661008154
61	2	2	764	1	243500000	0.0203971638829576
61	3	3	765	1	70000000	0.236500764648677
61	3	2	766	70000001	198500000	0.0358265891540073
61	4	2	767	1	87000000	-0.0691130832802591
61	4	1	768	87000001	191500000	-0.377781788873412
61	5	1	769	1	103000000	-0.364542457812848
61	5	2	770	103000001	181000000	0.0416527162843337
61	6	2	771	1	171500000	0.0432753863893786
61	7	2	772	1	159500000	0.0981743897986206
61	8	2	774	1	146500000	-0.185806056498988
61	9	2	775	1	141500000	-0.0144832488209877
61	10	2	776	1	136000000	-0.0946845487683212
61	11	2	777	1	135500000	0.127632780555705
61	12	2	778	1	134000000	-0.00902029341322429
61	13	2	779	1	115500000	-0.0974618143529126
61	14	2	780	1	107500000	0.144589431149016
61	15	2	781	1	103000000	0.00556153136538078
61	16	3	782	1	90500000	0.208937626959826
61	17	3	783	1	81500000	0.15642798005131
61	18	2	784	1	78500000	-0.108852717716273
61	20	3	785	1	63500000	0.227829931320619
61	19	3	786	1	59500000	0.12317313288513
61	22	3	787	1	51500000	0.276447863953283
61	21	2	788	1	48500000	-0.011172852266106
94	1	4	789	1	42000000	1.12486460558349
94	1	4	790	42000001	63000000	0.589262803675896
94	1	2	791	63000001	249500000	0.05985480430273
94	2	2	792	1	38500000	0.0265126733936998
94	2	1	793	38500001	50000000	-0.836452559302102
94	2	2	794	50000001	243500000	0.0417880661858877
94	3	2	795	1	198500000	0.00666691893414888
94	4	2	796	1	191500000	-0.0240909747389636
94	5	2	797	1	181000000	0.0151755743185229
94	6	2	798	1	171500000	-0.0101158028716838
94	7	2	799	1	159500000	0.0281279064721723
94	8	2	801	1	146500000	-0.00999866721276444
94	9	2	802	1	141500000	0.0206196254691571
94	10	2	803	1	136000000	0.00672271320306777
94	11	2	804	1	135500000	0.0196983985906783
94	12	2	805	1	134000000	0.0278620014992639
94	13	2	806	1	47500000	-0.00113944808700731
94	13	1	807	47500001	59500000	-0.831809925587778
94	13	2	808	59500001	115500000	0.0423000397743692
94	14	2	809	1	107500000	0.0451961872827934
94	15	2	810	1	103000000	0.0516137768012696
94	16	2	811	1	90500000	0.12267195882344
94	17	2	812	1	81500000	0.0434960835837842
94	18	1	813	1	78500000	-0.839392315056073
94	20	2	814	1	63500000	0.0957122298522671
94	19	2	815	1	59500000	-0.032780434172668
94	22	2	816	1	51500000	0.0882185624528816
94	21	2	817	1	48500000	-0.0140724415574219
9	1	3	818	1	50500000	0.4681445556305
9	1	2	819	50500001	249500000	0.080309085368418
9	2	2	820	1	243500000	0.00919464683944465
9	3	2	821	1	198500000	-0.00585394142591975
9	4	2	822	1	191500000	-0.0148755825475096
9	5	2	823	1	181000000	-0.00278029132159595
9	6	2	824	1	171500000	0.00231797060832905
9	7	2	825	1	159500000	0.0606193724160434
9	8	2	827	1	146500000	-0.0165017792104983
9	9	2	828	1	141500000	0.0390090478398345
9	10	2	829	1	136000000	0.0574088926288593
9	11	2	830	1	135500000	0.0459626248958929
9	12	2	831	1	134000000	0.0911059174650029
9	13	2	832	1	45500000	-0.0346208831949077
9	13	1	833	45500001	60000000	-0.669030941596611
9	13	2	834	60000001	115500000	0.0134175868690406
9	14	2	835	1	107500000	0.146931186214087
9	15	2	836	1	103000000	0.0865329697822014
9	16	3	837	1	90500000	0.253664275336471
9	17	3	838	1	81500000	0.117122083274315
9	18	2	839	1	78500000	-0.0013422395391976
9	20	2	840	1	63500000	0.134548303263911
9	19	3	841	1	59500000	0.160107927251273
9	22	3	842	1	51500000	0.278956008937758
9	21	2	843	1	48500000	0.040205247888162
40	1	3	844	1	55500000	0.309364106163361
40	1	2	845	55500001	249500000	0.0571717344657553
40	2	2	846	1	38500000	0.0780173662364519
40	2	1	847	38500001	50000000	-0.821659081884852
40	2	2	848	50000001	243500000	0.0751971191354043
40	3	2	849	1	198500000	0.0490185885261734
40	4	2	850	1	191500000	0.070394893950246
40	5	2	851	1	181000000	0.0368332251667473
40	6	2	852	1	171500000	0.0603525463555421
40	7	2	853	1	159500000	0.0710320506966663
40	8	2	855	1	146500000	-0.00188641589792213
40	9	2	856	1	141500000	0.0268198118075528
40	10	2	857	1	136000000	0.0113774079492572
40	11	2	858	1	135500000	0.0380453356901465
40	12	2	859	1	134000000	0.055481134871838
40	13	2	860	1	115500000	-0.101235667590177
40	14	2	861	1	107500000	0.061468717303861
40	15	2	862	1	103000000	-0.0134900214366829
40	16	2	863	1	90500000	0.114586181328868
40	17	2	864	1	81500000	0.0483400315211555
40	18	2	865	1	78500000	-0.0431646102667316
40	20	2	866	1	63500000	0.0586350420328984
40	19	2	867	1	59500000	0.0843206184856361
40	22	3	868	1	51500000	0.0872949440724793
40	21	2	869	1	48500000	0.0221674166308681
71	1	3	870	1	56500000	0.304020071086743
71	1	2	871	56500001	249500000	0.0563953278419408
71	2	2	872	1	38000000	0.0876802476974539
71	2	1	873	38000001	50000000	-0.796502604434161
71	2	2	874	50000001	243500000	0.056081784657705
71	3	2	875	1	198500000	0.0267202607327877
71	4	2	876	1	191500000	0.053142273754838
71	5	2	877	1	181000000	0.0187328110726903
71	6	2	878	1	171500000	0.0231253705854523
71	7	2	879	1	159500000	0.0478083466282925
71	8	2	881	1	146500000	0.00278232383237163
71	9	2	882	1	141500000	0.0430391706930503
71	10	2	883	1	136000000	-0.00290796740896029
71	11	2	884	1	135500000	0.00808238525888498
71	12	2	885	1	134000000	0.044511893310017
71	13	2	886	1	47500000	-0.0659536510903817
71	13	1	887	47500001	59500000	-0.86684482843082
71	13	2	888	59500001	115500000	0.0402249617217279
71	14	2	889	1	107500000	0.128534600105429
71	15	2	890	1	103000000	0.0478009881274702
71	16	2	891	1	90500000	0.0680525155004515
71	17	2	892	1	81500000	0.0435565063933138
71	18	2	893	1	78500000	-0.010788639960547
71	20	3	894	1	63500000	0.104544630143294
71	19	3	895	1	59500000	0.140750458498291
71	22	3	896	1	51500000	0.107974024009134
71	21	2	897	1	48500000	-0.0475691658334906
26	1	2	898	1	249500000	0.0752594258551957
26	2	2	899	1	38500000	-0.0125240927403729
26	2	1	900	38500001	49500000	-0.758737511577846
26	2	2	901	49500001	243500000	0.110081038927186
26	3	2	902	1	198500000	0.00819608921295044
26	4	2	903	1	191500000	0.0100957899220706
26	5	2	904	1	181000000	0.0158211601419434
26	6	2	905	1	171500000	-0.00564172711452144
26	7	2	906	1	159500000	0.0113406472978439
26	8	2	908	1	98500000	-0.00513812632560108
26	8	4	909	98500001	118000000	0.605435363107154
26	8	4	910	118000001	146500000	0.440635620187604
26	9	2	911	1	71000000	0.0870900076115591
26	9	4	912	71000001	84500000	0.645538638162341
26	9	4	913	84500001	141500000	0.459206438559536
26	10	2	914	1	136000000	-0.0631442004299086
26	11	2	915	1	135500000	-0.0296150519830527
26	12	2	916	1	134000000	-0.0339615775492202
26	13	2	917	1	47000000	-0.0876764255268797
26	13	1	918	47000001	59500000	-0.854853349012381
26	13	2	919	59500001	115500000	-0.0323694388149507
26	14	2	920	1	107500000	-0.0465638524247246
26	15	2	921	1	103000000	-0.00210009606553862
26	16	2	922	1	90500000	0.0991135748272027
26	17	2	923	1	81500000	-0.0158641046730795
26	18	2	924	1	78500000	0.0133994026936028
26	20	2	925	1	63500000	-0.0398942904885137
26	19	2	926	1	59500000	-0.0628998555484259
26	22	2	927	1	51500000	-0.0616545413400064
26	21	2	928	1	48500000	-0.0150373714447789
76	1	3	929	1	66000000	0.159384816655544
76	1	2	930	66000001	110500000	-0.0380929468224489
76	1	3	931	110500001	249500000	0.124155667721709
76	2	2	932	1	38500000	-0.0081273967404034
76	2	1	933	38500001	50000000	-0.816380673132271
76	2	2	934	50000001	243500000	0.00732354194396883
76	3	2	935	1	198500000	-0.00832925486616169
76	4	2	936	1	191500000	-0.063676916305107
76	5	2	937	1	181000000	-0.0138699168219342
76	6	2	938	1	171500000	0.000290584005874506
76	7	2	939	1	159500000	0.0347312259123729
76	8	2	941	1	146500000	-0.0027785581882903
76	9	2	942	1	141500000	0.0356475249332344
76	10	2	943	1	136000000	0.0343206591986343
76	11	2	944	1	135500000	0.00328277794877631
76	12	2	945	1	134000000	0.00904655615143697
76	13	2	946	1	47500000	0.068866114365325
76	13	1	947	47500001	59500000	-0.806731730628309
76	13	2	948	59500001	115500000	-0.0564840900314131
76	14	2	949	1	107500000	0.0210917886800291
76	15	2	950	1	103000000	0.0642968900350601
76	16	3	951	1	90500000	0.143205428931389
76	17	2	952	1	81500000	0.0305314531650659
76	18	2	953	1	78500000	0.0281394424492906
76	20	2	954	1	63500000	0.0588157966572188
76	19	2	955	1	59500000	-0.00748814355933577
76	22	2	956	1	51500000	-0.0111754876915742
76	21	2	957	1	48500000	-0.0658225005699044
88	1	3	958	1	249500000	0.128968373175526
88	2	2	959	1	243500000	0.0295594829360105
88	3	2	960	1	198500000	0.0407448110113958
88	4	2	961	1	191500000	-0.00117327238911974
88	5	2	962	1	181000000	-0.042232392768452
88	6	2	963	1	171500000	0.0224918166010729
88	7	2	964	1	159500000	-0.0353958967730325
88	8	2	968	1	146500000	-0.0270352029304473
88	9	2	969	1	141500000	0.00658431521927422
88	10	2	970	1	136000000	0.0381104924329945
88	11	2	971	1	135500000	-0.00518865736635639
88	12	2	972	1	134000000	0.00354202327924185
88	13	2	973	1	115500000	-0.0355056911409082
88	14	2	974	1	107500000	0.0724854689351089
88	15	2	975	1	103000000	0.0254546935815541
88	16	2	976	1	90500000	0.0377887071030004
88	17	2	977	1	81500000	-0.0959945376800835
88	18	2	978	1	78500000	-0.0420828923701856
88	20	2	979	1	63500000	-0.0013749226791539
88	19	2	980	1	59500000	-0.0462501372268239
88	22	1	981	1	51500000	-0.0949023320586893
88	21	2	982	1	48500000	-0.0015408125979386
59	1	2	983	1	249500000	0.0173940509430762
59	2	2	984	1	243500000	0.0221887254889874
59	3	2	985	1	198500000	0.0530611590570143
59	4	2	986	1	191500000	0.0463538319132651
59	5	2	987	1	181000000	0.0316967437602357
59	6	2	988	1	171500000	0.0187906089273492
59	7	2	989	1	159500000	0.028260710201332
59	8	2	993	1	146500000	0.0199807356736206
59	9	2	994	1	141500000	-0.0140400947133183
59	10	2	995	1	136000000	-0.0209668314663263
59	11	2	996	1	135500000	-0.0141150577092823
59	12	2	997	1	134000000	0.0160836712399646
59	13	2	998	1	115500000	-0.00409834932376345
59	14	2	999	1	107500000	0.0117065212945226
59	15	2	1000	1	103000000	-0.0124803455733113
59	16	2	1001	1	90500000	0.0165456264806136
59	17	2	1002	1	81500000	-0.113446349791582
59	18	2	1003	1	78500000	0.00910933675152592
59	20	2	1004	1	63500000	-0.0124784258072447
59	19	2	1005	1	59500000	-0.0821448485376331
59	22	2	1006	1	51500000	-0.151588209263274
59	21	2	1007	1	48500000	-0.0353202323681753
67	1	2	1008	1	249500000	0.0183000502907067
67	2	2	1009	1	243500000	0.0329968684409155
67	3	2	1010	1	198500000	0.0591242383561983
67	4	2	1011	1	191500000	0.0818246345330357
67	5	2	1012	1	181000000	0.0417780243743065
67	6	2	1013	1	171500000	0.00811218936051685
67	7	2	1014	1	159500000	0.0335799738253952
67	8	2	1018	1	146500000	0.00530168278968306
67	9	2	1019	1	141500000	0.00444466851026087
67	10	2	1020	1	136000000	-0.0392700295147079
67	11	2	1021	1	135500000	0.00201585964014188
67	12	2	1022	1	134000000	0.00888850515141798
67	13	2	1023	1	115500000	0.0135334293706542
67	14	2	1024	1	107500000	0.022312169395975
67	15	2	1025	1	103000000	-0.0646742369546341
67	16	2	1026	1	90500000	-0.0101414462195282
67	17	2	1027	1	81500000	-0.0585392687700601
67	18	2	1028	1	78500000	-0.0251067065486715
67	20	2	1029	1	63500000	-0.0317202511776462
67	19	2	1030	1	59500000	-0.00364563724762914
67	22	2	1031	1	51500000	-0.0870023401494093
67	21	2	1032	1	48500000	0.0166341277677454
32	1	2	1033	1	249500000	0.0208681327594118
32	2	2	1034	1	243500000	0.0116032256243483
32	3	2	1035	1	198500000	0.00960695814137975
32	4	2	1036	1	191500000	-0.0267762549011722
32	5	2	1037	1	181000000	0.00167287193915622
32	6	2	1038	1	171500000	-0.0533580561845966
32	7	2	1039	1	159500000	0.00549941965726166
32	8	2	1042	1	146500000	-0.00540135869357968
32	9	2	1043	1	141500000	0.0199846693174696
32	10	2	1044	1	136000000	0.0308134859587682
32	11	2	1045	1	135500000	-0.0184500504716096
32	12	2	1046	1	134000000	-0.0150347779372517
32	13	2	1047	1	115500000	-0.0101183798184653
32	14	2	1048	1	107500000	0.0292508367975537
32	15	2	1049	1	103000000	0.0183103181134884
32	16	2	1050	1	90500000	0.026732244670107
32	17	2	1051	1	81500000	-0.064967561025639
32	18	2	1052	1	78500000	0.0140462268183283
32	20	2	1053	1	63500000	0.0148296179203227
32	19	2	1054	1	59500000	-0.0686521645116497
32	22	2	1055	1	51500000	-0.0691417537530026
32	21	2	1056	1	48500000	-0.0296500413559768
49	1	2	1057	1	249500000	0.0542309326975576
49	2	2	1058	1	243500000	0.0242809224588503
49	3	2	1059	1	198500000	0.0400437269967648
49	4	2	1060	1	191500000	0.0302240516157553
49	5	2	1061	1	181000000	0.0423437101308973
49	6	2	1062	1	171500000	-0.0297199562669151
49	7	2	1063	1	159500000	-0.00756840215744512
49	8	2	1066	1	146500000	0.0390919402275015
49	9	2	1067	1	141500000	0.0600725636635062
49	10	2	1068	1	136000000	-0.0120590128068238
49	11	2	1069	1	135500000	-0.00342695834783649
49	12	2	1070	1	134000000	-0.014688077390477
49	13	2	1071	1	115500000	-0.0291654909339708
49	14	2	1072	1	107500000	0.0704146842629255
49	15	2	1073	1	103000000	0.0721124020068096
49	16	2	1074	1	90500000	0.0192477190247237
49	17	2	1075	1	81500000	-0.123671747127805
49	18	2	1076	1	78500000	-0.00425574274954304
49	20	2	1077	1	63500000	-0.0709119357121894
49	19	2	1078	1	59500000	-0.0126539718495313
49	22	2	1079	1	51500000	-0.205578043533649
49	21	2	1080	1	48500000	0.00151667272219738
45	1	2	1081	1	249500000	0.0786736308269775
45	2	2	1082	1	25000000	0.0410428552033484
45	2	1	1083	25000001	50000000	-0.509666491358403
45	2	3	1084	50000001	243500000	0.100603720942615
45	3	2	1085	1	75000000	0.00223133832474398
45	3	3	1086	75000001	176000000	0.21283900418979
45	3	2	1087	176000001	198500000	-0.0309175011683559
45	4	2	1088	1	191500000	0.101840954558093
45	5	2	1089	1	181000000	0.0659399711926278
45	6	2	1090	1	171500000	-0.00738978031599648
45	7	2	1091	1	159500000	0.0621403789877231
45	8	2	1093	1	146500000	-0.0383570877058171
45	9	2	1094	1	141500000	-0.042271453709723
45	10	2	1095	1	136000000	-0.0687672023653677
45	11	2	1096	1	135500000	0.00984757625377471
45	12	2	1097	1	134000000	-0.0024309430330822
45	13	2	1098	1	115500000	-0.0456127822839399
45	14	2	1099	1	107500000	0.0623456922043306
45	15	2	1100	1	103000000	-0.0421928453809698
45	16	2	1101	1	90500000	0.0438088851935541
45	17	2	1102	1	81500000	-0.135656679304922
45	18	2	1103	1	78500000	-0.00264796307260871
45	20	2	1104	1	63500000	-0.0900643921090225
45	19	2	1105	1	59500000	-0.136604654794384
45	22	2	1106	1	51500000	-0.10946007170058
45	21	2	1107	1	48500000	0.0575252614804065
10	1	2	1108	1	249500000	0.0774974271428028
10	2	2	1109	1	243500000	0.00214962913457118
10	3	2	1110	1	198500000	0.0366132606118079
10	4	2	1111	1	191500000	-0.0119280682953311
10	5	2	1112	1	181000000	0.0298166238070977
10	6	2	1113	1	171500000	-0.00181793044091725
10	7	2	1114	1	159500000	-0.0221295303248727
10	8	2	1119	1	146500000	-0.00295961542597243
10	9	2	1120	1	141500000	0.0472793975357094
10	10	2	1121	1	136000000	0.0594436324842092
10	11	2	1122	1	135500000	-0.0294712440104356
10	12	2	1123	1	134000000	-0.025345278869972
10	13	2	1124	1	115500000	-0.000562485025132264
10	14	2	1125	1	107500000	0.0692295459269624
10	15	2	1126	1	103000000	0.00857846773913515
10	16	2	1127	1	90500000	0.0505367112157261
10	17	2	1128	1	81500000	-0.118608559873347
10	18	2	1129	1	78500000	-0.00787344956776667
10	20	2	1130	1	63500000	-0.0700403732947911
10	19	2	1131	1	59500000	-0.120191957611843
10	22	2	1132	1	51500000	-0.117481433370298
10	21	2	1133	1	48500000	-0.0335918900439298
37	1	2	1134	1	249500000	0.0186573895334001
37	2	2	1135	1	39000000	-0.0117555766559205
37	2	0	1136	39000001	50000000	-0.988191775335743
37	2	2	1137	50000001	243500000	0.0373111021774377
37	3	2	1138	1	198500000	0.0686164624509118
37	4	2	1139	1	191500000	0.0551754514378262
37	5	2	1140	1	181000000	0.0278971605971725
37	6	2	1141	1	171500000	-0.0102309902077007
37	7	2	1142	1	159500000	0.0125202711607132
37	8	2	1144	1	146500000	0.0634305842265799
37	9	2	1145	1	141500000	-0.000556572058866603
37	10	2	1146	1	136000000	-0.0338677543558393
37	11	2	1147	1	135500000	0.020612827513767
37	12	2	1148	1	134000000	0.0257712179221312
37	13	2	1149	1	47500000	0.0740704210726711
37	13	0	1150	47500001	64500000	-0.665405941587097
37	13	2	1151	64500001	115500000	-0.037122242562925
37	14	2	1152	1	107500000	0.00619308654188468
37	15	2	1153	1	103000000	0.0196162492485677
37	16	2	1154	1	90500000	0.0295400057366777
37	17	2	1155	1	81500000	-0.0495066358229202
37	18	2	1156	1	78500000	0.0327296319943597
37	20	2	1157	1	63500000	-0.0667795318640101
37	19	2	1158	1	59500000	0.052519260673035
37	22	2	1159	1	51500000	-0.105933531045454
37	21	2	1160	1	48500000	-0.0574954305152638
50	1	2	1161	1	249500000	0.00791903483942671
50	2	2	1162	1	39000000	-0.105197708436715
50	2	1	1163	39000001	50500000	-0.861019929301508
50	2	2	1164	50500001	243500000	0.0692926123069691
50	3	2	1165	1	198500000	0.0329356879625051
50	4	2	1166	1	191500000	0.0338747406499748
50	5	2	1167	1	181000000	0.0781553369229756
50	6	2	1168	1	45000000	-0.0389159817922544
50	6	3	1169	45000001	155500000	0.207084942911529
50	6	2	1170	155500001	171500000	-0.126150791918372
50	7	2	1171	1	159500000	0.0554243601429933
50	8	2	1173	1	146500000	0.00885004761807732
50	9	2	1174	1	141500000	0.00586021441076214
50	10	2	1175	1	136000000	-0.0268147797469021
50	11	2	1176	1	135500000	-0.0285013371406826
50	12	2	1177	1	134000000	0.0225820985467028
50	13	2	1178	1	48000000	-0.0316280098945956
50	13	1	1179	48000001	59500000	-0.771606147170824
50	13	3	1180	59500001	115500000	0.169632142738488
50	14	3	1181	1	48000000	0.232956866848692
50	14	2	1182	48000001	107500000	-0.0824899419135294
50	15	2	1183	1	103000000	-0.051609291599502
50	16	2	1184	1	90500000	0.0186400291012912
50	17	2	1185	1	81500000	-0.0945666008342617
50	18	2	1186	1	78500000	-0.0143530398879207
50	20	2	1187	1	63500000	-0.104560534836416
50	19	2	1188	1	59500000	-0.0326085367859419
50	22	2	1189	1	51500000	-0.151495553324093
50	21	2	1190	1	48500000	-0.0668894785488877
87	1	1	1191	1	37500000	-0.276690417103772
87	1	2	1192	37500001	249500000	0.046351610968274
87	2	2	1193	1	243500000	-0.0308350096140294
87	3	2	1194	1	198500000	0.0286867533683592
87	4	2	1195	1	191500000	0.0444109327365681
87	5	2	1196	1	181000000	0.0398311781462773
87	6	2	1197	1	171500000	0.0259148857810395
87	7	2	1198	1	159500000	0.0166596324521128
87	8	2	1200	1	146500000	-0.0103194857558895
87	9	2	1201	1	141500000	0.0113063929464887
87	10	2	1202	1	136000000	-0.00113958663404606
87	11	2	1203	1	135500000	-0.0526021614625343
87	12	2	1204	1	134000000	0.0138563454032192
87	13	2	1205	1	115500000	-0.0404240268124896
87	14	2	1206	1	107500000	0.0295009405923458
87	15	2	1207	1	103000000	0.00286299569747345
87	16	2	1208	1	90500000	0.00556814780959989
87	17	2	1209	1	81500000	-0.131658443749903
87	18	2	1210	1	78500000	0.00852292022366907
87	20	2	1211	1	63500000	-0.0517475549140194
87	19	2	1212	1	59500000	-0.110242890793236
87	22	1	1213	1	51500000	-0.255643903526076
87	21	2	1214	1	48500000	0.00414775322381886
35	1	2	1215	1	249500000	0.03263357369485
35	2	2	1216	1	38500000	-0.0374854338733453
35	2	1	1217	38500001	50000000	-0.855735712840603
35	2	2	1218	50000001	243500000	0.0390424635647923
35	3	2	1219	1	198500000	0.0275418050625231
35	4	2	1220	1	191500000	0.039401557878153
35	5	2	1221	1	181000000	0.0236847571835308
35	6	2	1222	1	171500000	0.00892167286634756
35	7	2	1223	1	159500000	0.014579501359877
35	8	2	1225	1	146500000	0.00462268267320088
35	9	2	1226	1	130000000	0.0361448163925238
35	9	0	1227	130000001	141500000	-0.32757488568928
35	10	2	1228	1	136000000	-0.0185930390888076
35	11	2	1229	1	135500000	-0.0081559357647168
35	12	2	1230	1	134000000	0.0136655001244048
35	13	2	1231	1	47500000	-0.0133408009788164
35	13	1	1232	47500001	60000000	-0.805519359033366
35	13	2	1233	60000001	115500000	0.0510754965190591
35	14	2	1234	1	107500000	0.0428053245253926
35	15	2	1235	1	103000000	-0.0174639986801057
35	16	2	1236	1	90500000	0.013833929320449
35	17	2	1237	1	71000000	-0.0473961268202917
35	17	0	1238	71000001	81500000	-0.532894521551449
35	18	2	1239	1	78500000	-0.00229319800509697
35	20	2	1240	1	63500000	0.0139572504246796
35	19	2	1241	1	59500000	-0.0934342933063786
35	22	2	1242	1	51500000	-0.142288882179781
35	21	2	1243	1	48500000	-0.00881479030726294
77	1	2	1244	1	249500000	0.0654801567796092
77	2	2	1245	1	39000000	0.0319547289558401
77	2	1	1246	39000001	50000000	-0.911935849570038
77	2	2	1247	50000001	243500000	0.00392688098283912
77	3	2	1248	1	198500000	-0.020611390855724
77	4	2	1249	1	191500000	-0.00946673716301112
77	5	2	1250	1	181000000	-0.0462082245339087
77	6	2	1251	1	171500000	-0.0272923754299954
77	7	2	1252	1	159500000	-0.00771006294033483
77	8	2	1254	1	146500000	0.00812154677706307
77	9	2	1255	1	141500000	0.0161276295405412
77	10	2	1256	1	136000000	0.0313974624621137
77	11	2	1257	1	135500000	-0.0183938437331201
77	12	2	1258	1	134000000	-0.0210015826641989
77	13	2	1259	1	47500000	-0.00642845041593855
77	13	1	1260	47500001	59500000	-0.908190966081699
77	13	2	1261	59500001	115500000	-0.00354067306160771
77	14	2	1262	1	107500000	0.0644276328748755
77	15	2	1263	1	103000000	0.0258514077650467
77	16	2	1264	1	90500000	0.0349148594497339
77	17	2	1265	1	71500000	-0.120754774630351
77	17	1	1266	71500001	81500000	-0.635655113713726
77	18	2	1267	1	78500000	-0.0248628204305811
77	20	2	1268	1	63500000	0.0401817018957193
77	19	1	1269	1	59500000	-0.140730141994308
77	22	2	1270	1	51500000	-0.111661859616243
77	21	2	1271	1	48500000	-0.0999524290362235
70	1	2	1272	1	249500000	0.0095615455608552
70	2	2	1273	1	38500000	-0.0906365663521489
70	2	1	1274	38500001	50000000	-0.91130148050311
70	2	2	1275	50000001	243500000	0.0378073026210946
70	3	2	1276	1	121000000	0.0385390665622891
70	3	1	1277	121000001	136500000	-0.999328457149898
70	3	2	1278	136500001	198500000	0.0184029258274968
70	4	2	1279	1	191500000	0.0166759542328112
70	5	2	1280	1	181000000	0.0200428005386541
70	6	2	1281	1	171500000	0.00884716113201371
70	7	2	1282	1	159500000	0.00705246875744941
70	8	2	1286	1	146500000	-0.000849040287342788
70	9	2	1287	1	141500000	-0.0181426905810537
70	10	2	1288	1	136000000	-0.0350927990641714
70	11	2	1289	1	135500000	-0.0507335150014095
70	12	2	1290	1	134000000	-0.00696365530108911
70	13	2	1291	1	47500000	-0.00660974899315847
70	13	1	1292	47500001	59500000	-0.833252239950675
70	13	2	1293	59500001	115500000	0.0323868603915819
70	14	2	1294	1	107500000	-0.0140829598473109
70	15	2	1295	1	103000000	-0.0335589116644827
70	16	2	1296	1	90500000	-0.0382020916345692
70	17	2	1297	1	81500000	-0.110035936743893
70	18	2	1298	1	78500000	0.0147341890723557
70	20	2	1299	1	63500000	-0.0686268453041498
70	19	2	1300	1	59500000	-0.0981463747349557
70	22	2	1301	1	51500000	-0.175803616586483
70	21	2	1302	1	48500000	-0.0420665049853189
30	1	2	1303	1	249500000	0.0486574906318608
30	2	2	1304	1	38500000	-0.0161482888727938
30	2	1	1305	38500001	50000000	-0.871968833026643
30	2	2	1306	50000001	243500000	0.0347752578731859
30	3	2	1307	1	198500000	0.0291571631772087
30	4	2	1308	1	191500000	0.0147903581373571
30	5	2	1309	1	181000000	0.00927546625513899
30	6	2	1310	1	171500000	-0.0184000424869522
30	7	2	1311	1	159500000	0.0233599884812133
30	8	2	1313	1	146500000	-0.0271502512131229
30	9	2	1314	1	141500000	-0.00830187913327121
30	10	2	1315	1	136000000	-0.0304739807235398
30	11	2	1316	1	135500000	0.00967804378424238
30	12	2	1317	1	134000000	0.0342939055474322
30	13	2	1318	1	48000000	-0.0664481401000402
30	13	1	1319	48000001	59500000	-0.909354489264489
30	13	2	1320	59500001	115500000	0.0152245950524566
30	14	2	1321	1	107500000	0.0598986310136284
30	15	2	1322	1	103000000	-0.0281477267441226
30	16	2	1323	1	90500000	0.0650242511418155
30	17	2	1324	1	81500000	0.019993081114706
30	18	2	1325	1	78500000	-0.0309598891646778
30	20	2	1326	1	63500000	0.0608860800570041
30	19	2	1327	1	59500000	0.00671301343533229
30	22	2	1328	1	51500000	0.0553747488262844
30	21	2	1329	1	48500000	-0.00493242401122441
47	1	2	1330	1	249500000	0.025921172216613
47	2	2	1331	1	38500000	-0.0339468400770749
47	2	1	1332	38500001	50000000	-0.862828640351012
47	2	2	1333	50000001	243500000	0.0514051630890373
47	3	2	1334	1	198500000	0.0369030145659217
47	4	2	1335	1	191500000	0.0252650575834908
47	5	2	1336	1	181000000	0.0275609087847357
47	6	2	1337	1	171500000	0.0436027974547274
47	7	2	1338	1	159500000	0.0319588451811154
47	8	2	1340	1	146500000	0.0181789938042274
47	9	2	1341	1	141500000	0.030100506696517
47	10	2	1342	1	136000000	-0.0148187777945901
47	11	2	1343	1	135500000	-0.0375901654054424
47	12	2	1344	1	134000000	0.0195043899100484
47	13	2	1345	1	48000000	0.0220587353939678
47	13	1	1346	48000001	59500000	-0.890195120382072
47	13	2	1347	59500001	115500000	-0.00246031168099043
47	14	2	1348	1	107500000	0.0231307811016717
47	15	2	1349	1	103000000	0.0104716119228899
47	16	2	1350	1	90500000	0.00225158631843726
47	17	2	1351	1	81500000	-0.0756149279898912
47	18	2	1352	1	78500000	-0.026256975758368
47	20	2	1353	1	63500000	-0.031258955624885
47	19	2	1354	1	59500000	-0.0244570937049068
47	22	2	1355	1	51500000	-0.188739276607484
47	21	2	1356	1	48500000	-0.044088433478006
63	1	2	1357	1	249500000	0.0157161079305769
63	2	2	1358	1	38000000	-0.0284511813113464
63	2	1	1359	38000001	50000000	-0.874380840520802
63	2	2	1360	50000001	243500000	0.0277296296797067
63	3	2	1361	1	198500000	0.0307549973468271
63	4	2	1362	1	191500000	0.0288884062351948
63	5	2	1363	1	181000000	0.0315114341132653
63	6	2	1364	1	171500000	-0.00197562808830821
63	7	2	1365	1	159500000	0.00216035182257996
63	8	2	1367	1	146500000	0.022531818041071
63	9	2	1368	1	141500000	-0.00472677180598176
63	10	2	1369	1	136000000	-0.0326282975054657
63	11	2	1370	1	135500000	0.0364412466817912
63	12	2	1371	1	134000000	-0.00546579807757907
63	13	2	1372	1	48000000	-0.000232529473298176
63	13	1	1373	48000001	60000000	-0.959985059430553
63	13	2	1374	60000001	115500000	-0.024675548292944
63	14	2	1375	1	107500000	0.0281033800582041
63	15	2	1376	1	103000000	-0.00433648210680681
63	16	2	1377	1	90500000	0.0397779116728839
63	17	2	1378	1	81500000	-0.0169498058379138
63	18	2	1379	1	78500000	0.0299230730738979
63	20	2	1380	1	63500000	-0.0306776910636909
63	19	2	1381	1	59500000	0.00678432384799906
63	22	2	1382	1	51500000	-0.0173265852274747
63	21	2	1383	1	48500000	0.0316699472993642
73	1	2	1384	1	249500000	0.0220615822327605
73	2	2	1385	1	38500000	-0.09283724152248
73	2	1	1386	38500001	50000000	-0.884292936034339
73	2	2	1387	50000001	243500000	0.05304039289587
73	3	2	1388	1	198500000	0.0454263005967867
73	4	2	1389	1	191500000	0.0557777506443918
73	5	2	1390	1	181000000	0.00424800493272634
73	6	2	1391	1	171500000	0.0222577976937066
73	7	2	1392	1	159500000	0.0325353876464068
73	8	2	1394	1	146500000	-0.0238744761230096
73	9	2	1395	1	141500000	0.00339541043938173
73	10	2	1396	1	136000000	-0.00731116721152149
73	11	2	1397	1	135500000	-0.0134765320642448
73	12	2	1398	1	134000000	-0.024815156917584
73	13	2	1399	1	48000000	-0.0422544360399308
73	13	1	1400	48000001	60000000	-0.777251750780051
73	13	2	1401	60000001	115500000	0.0229561168925341
73	14	2	1402	1	107500000	0.00883457228902736
73	15	2	1403	1	103000000	-0.0531107836702292
73	16	2	1404	1	90500000	0.111621355174033
73	17	2	1405	1	81500000	0.0122244836858414
73	18	2	1406	1	78500000	0.0118476317998373
73	20	2	1407	1	63500000	-0.0355363559966348
73	19	2	1408	1	59500000	0.0908276234394713
73	22	2	1409	1	51500000	0.0763900241249666
73	21	2	1410	1	48500000	0.0426575271208488
23	1	2	1411	1	249500000	0.0472718175267951
23	2	2	1412	1	38000000	-0.0166031693738429
23	2	1	1413	38000001	50000000	-0.790292853745133
23	2	2	1414	50000001	243500000	0.0582570369714328
23	3	2	1415	1	198500000	0.0217091865570539
23	4	2	1416	1	191500000	0.04631174764355
23	5	2	1417	1	181000000	0.0203971580664105
23	6	2	1418	1	171500000	0.0210042413293884
23	7	2	1419	1	159500000	0.0443799961883342
23	8	2	1421	1	146500000	0.003642051483186
23	9	2	1422	1	141500000	0.0143183667350692
23	10	2	1423	1	136000000	-0.0254938020572811
23	11	2	1424	1	135500000	-0.0179421337086879
23	12	2	1425	1	134000000	-0.00493083689656218
23	13	2	1426	1	47500000	-0.0404177345369406
23	13	1	1427	47500001	60500000	-0.790350623764816
23	13	2	1428	60500001	115500000	0.095020340780763
23	14	2	1429	1	107500000	0.0366084844838022
23	15	2	1430	1	103000000	-0.0214541200923218
23	16	2	1431	1	90500000	-0.0160667876175581
23	17	2	1432	1	81500000	-0.0603164231009458
23	18	2	1433	1	78500000	-0.00685514538298867
23	20	2	1434	1	63500000	-0.00940789183157379
23	19	2	1435	1	59500000	-0.0285827377990465
23	22	2	1436	1	51500000	-0.0651232365725352
23	21	2	1437	1	48500000	-0.00491981723321136
82	1	2	1438	1	249500000	0.033117120532446
82	2	2	1439	1	38500000	-0.0287152302226086
82	2	1	1440	38500001	50000000	-0.851857604885814
82	2	2	1441	50000001	243500000	0.0515162284242525
82	3	2	1442	1	198500000	0.0285203256079122
82	4	2	1443	1	191500000	0.0148548110579671
82	5	2	1444	1	181000000	-0.0141138754685887
82	6	2	1445	1	171500000	0.013784857444357
82	7	2	1446	1	159500000	0.016878588976254
82	8	2	1448	1	146500000	-0.00360052348717682
82	9	2	1449	1	141500000	0.019614698114072
82	10	2	1450	1	136000000	-0.0114023288181243
82	11	2	1451	1	135500000	0.0127285386638631
82	12	2	1452	1	134000000	0.0340628960991116
82	13	2	1453	1	47500000	0.0369289650794643
82	13	1	1454	47500001	60000000	-0.77769088775081
82	13	2	1455	60000001	115500000	0.00583233401455837
82	14	2	1456	1	107500000	0.0171116199512163
82	15	2	1457	1	103000000	0.000511120836805432
82	16	2	1458	1	90500000	0.0549735235591824
82	17	2	1459	1	81500000	-0.0446647474691961
82	18	2	1460	1	78500000	0.02110405871399
82	20	2	1461	1	63500000	-0.0448224307182345
82	19	2	1462	1	59500000	0.00331687407620601
82	22	2	1463	1	51500000	-0.0965029209234528
82	21	2	1464	1	48500000	0.0302668866945422
53	1	2	1465	1	249500000	0.0551207066616947
53	2	2	1466	1	38500000	-0.0332501645638642
53	2	1	1467	38500001	50000000	-0.894040022029883
53	2	2	1468	50000001	243500000	0.0619374689272192
53	3	2	1469	1	198500000	0.0680559181568618
53	4	2	1470	1	191500000	0.051484100374485
53	5	2	1471	1	181000000	0.0528867089427526
53	6	2	1472	1	171500000	-0.0017173818912692
53	7	2	1473	1	159500000	0.0411844499625342
53	8	2	1475	1	146500000	-0.00416854974100056
53	9	2	1476	1	141500000	-0.00234765891444736
53	10	2	1477	1	136000000	0.0113918288494224
53	11	2	1478	1	135500000	-0.0323144600598323
53	12	2	1479	1	134000000	0.0316405019271534
53	13	2	1480	1	47500000	-0.029399225643511
53	13	1	1481	47500001	60000000	-0.72222082629043
53	13	2	1482	60000001	115500000	0.128986256138181
53	14	2	1483	1	107500000	0.0655154608849502
53	15	2	1484	1	103000000	-0.00326283946067582
53	16	2	1485	1	90500000	0.0373116668804561
53	17	2	1486	1	81500000	-0.036818575994644
53	18	2	1487	1	78500000	-0.0481687103603588
53	20	2	1488	1	63500000	0.00725869913336342
53	19	2	1489	1	59500000	-0.0187130601262205
53	22	2	1490	1	51500000	-0.00638556032315426
53	21	2	1491	1	48500000	0.0475904930514944
51	1	2	1492	1	249500000	0.0382734952993284
51	2	2	1493	1	38500000	-0.0230056148047444
51	2	1	1494	38500001	50000000	-0.858625453166821
51	2	2	1495	50000001	243500000	0.0426393391086896
51	3	2	1496	1	198500000	0.0175781707231364
51	4	2	1497	1	191500000	0.0199376148292417
51	5	2	1498	1	181000000	0.0206684066764317
51	6	2	1499	1	171500000	0.00777030107195375
51	7	2	1500	1	159500000	0.0136554785274805
51	8	2	1502	1	146500000	0.00734210272648087
51	9	2	1503	1	141500000	0.0149211907819297
51	10	2	1504	1	136000000	-0.0260005958811858
51	11	2	1505	1	135500000	-0.00429237480557522
51	12	2	1506	1	134000000	-0.000561623513147986
51	13	2	1507	1	47500000	0.0427272196313879
51	13	1	1508	47500001	60000000	-0.765988798315278
51	13	2	1509	60000001	115500000	0.0485442508967054
51	14	2	1510	1	107500000	0.0120945060588672
51	15	2	1511	1	103000000	-0.015572554876117
51	16	2	1512	1	90500000	0.0215288917048786
51	17	2	1513	1	81500000	-0.0571241464780971
51	18	2	1514	1	78500000	-0.00252425072399674
51	20	2	1515	1	63500000	-0.0245333919303433
51	19	2	1516	1	59500000	-0.0404787922717595
51	22	2	1517	1	51500000	-0.0766976236248118
51	21	2	1518	1	48500000	0.00771953268637096
48	1	2	1519	1	249500000	0.0379560246520831
48	2	2	1520	1	38500000	-0.00247205930042408
48	2	1	1521	38500001	50000000	-0.80864888097922
48	2	2	1522	50000001	243500000	0.0366611543195751
48	3	2	1523	1	198500000	0.0113097924863722
48	4	2	1524	1	191500000	0.00233760663812267
48	5	2	1525	1	181000000	0.00503513505047182
48	6	2	1526	1	171500000	0.0100453343197907
48	7	2	1527	1	159500000	0.00932244972646655
48	8	2	1529	1	146500000	0.00575757168883523
48	9	2	1530	1	141500000	0.0134526480882147
48	10	2	1531	1	136000000	-0.0155544586574106
48	11	2	1532	1	135500000	-0.00761604761080998
48	12	2	1533	1	134000000	-0.012599928000974
48	13	2	1534	1	47500000	0.0671694569184578
48	13	1	1535	47500001	60000000	-0.77989170191115
48	13	2	1536	60000001	115500000	-0.00638081765601274
48	14	2	1537	1	107500000	0.019986727343292
48	15	2	1538	1	103000000	0.0298098865800992
48	16	2	1539	1	90500000	0.0260889745980329
48	17	2	1540	1	81500000	-0.0597809556445609
48	18	2	1541	1	78500000	0.0141718289777299
48	20	2	1542	1	63500000	-0.0179619869752949
48	19	2	1543	1	59500000	-0.0456914192635485
48	22	2	1544	1	51500000	-0.108953109742485
48	21	2	1545	1	48500000	-0.0337133377797009
14	1	2	1546	1	249500000	0.03298276569816
14	2	2	1547	1	38500000	-0.0383105805276138
14	2	1	1548	38500001	50000000	-0.905743453761369
14	2	2	1549	50000001	243500000	0.0139776948368377
14	3	2	1550	1	198500000	0.029570775764727
14	4	2	1551	1	191500000	0.0162470925065574
14	5	2	1552	1	181000000	-0.016463428100289
14	6	2	1553	1	171500000	0.00227692096291041
14	7	2	1554	1	159500000	0.0180965153760292
14	8	2	1556	1	146500000	-0.00439392683686989
14	9	2	1557	1	141500000	0.0107872053340913
14	10	2	1558	1	136000000	-0.0154273324422259
14	11	2	1559	1	135500000	-0.0297764211399195
14	12	2	1560	1	134000000	-0.00418197975012451
14	13	2	1561	1	47500000	-0.0117738871439451
14	13	1	1562	47500001	60000000	-0.791619451765729
14	13	2	1563	60000001	115500000	-0.0082260665382168
14	14	2	1564	1	107500000	0.0355876746961039
14	15	2	1565	1	103000000	-0.00807582421198386
14	16	2	1566	1	90500000	0.0285775179783636
14	17	2	1567	1	81500000	-0.0370161492552657
14	18	2	1568	1	78500000	0.0208608031746342
14	20	2	1569	1	63500000	0.0254511992079486
14	19	2	1570	1	59500000	-0.031792911072018
14	22	2	1571	1	51500000	-0.0123100758470821
14	21	2	1572	1	48500000	-0.0484888877884494
24	1	2	1573	1	249500000	0.0539782675354364
24	2	2	1574	1	38500000	0.0387710850700547
24	2	1	1575	38500001	50000000	-0.813827541718294
24	2	2	1576	50000001	243500000	0.026716600577395
24	3	2	1577	1	198500000	0.0291039486709984
24	4	2	1578	1	191500000	-0.0594000524561487
24	5	2	1579	1	181000000	-0.00403006977853017
24	6	2	1580	1	171500000	0.00415446569179751
24	7	2	1581	1	159500000	-0.018410370817929
24	8	2	1583	1	146500000	0.0109632139126102
24	9	2	1584	1	141500000	-0.025453199235433
24	10	2	1585	1	136000000	0.0278945938702584
24	11	2	1586	1	135500000	-0.00282039936452247
24	12	2	1587	1	134000000	0.0292348492778441
24	13	2	1588	1	47500000	0.0500684165710644
24	13	1	1589	47500001	60000000	-0.744597560467559
24	13	2	1590	60000001	115500000	-0.00942178762237142
24	14	2	1591	1	107500000	0.0296361729504937
24	15	2	1592	1	103000000	0.0750232772106473
24	16	2	1593	1	90500000	0.10370228006242
24	17	2	1594	1	81500000	0.00243167415938503
24	18	2	1595	1	78500000	-0.0131380065091539
24	20	2	1596	1	63500000	0.0582027840311248
24	19	2	1597	1	59500000	0.0808200124983283
24	22	2	1598	1	51500000	0.0759802821467721
24	21	2	1599	1	48500000	0.0401388281217022
8	1	2	1600	1	249500000	0.0718396972339667
8	2	2	1601	1	39000000	0.0187191754795658
8	2	1	1602	39000001	50000000	-0.767051834912689
8	2	2	1603	50000001	243500000	0.0171069128845088
8	3	2	1604	1	198500000	0.0206854987721705
8	4	2	1605	1	191500000	-0.0030542089753627
8	5	2	1606	1	181000000	0.0124129986465784
8	6	2	1607	1	171500000	-0.00611540669085186
8	7	2	1608	1	159500000	0.0106080396405147
8	8	2	1610	1	146500000	-0.0135778951287136
8	9	2	1611	1	141500000	0.0098391131284306
8	10	2	1612	1	136000000	0.0263754055397096
8	11	2	1613	1	135500000	-0.0126564571284062
8	12	2	1614	1	134000000	0.000218103771274412
8	13	2	1615	1	47000000	0.00896398172024342
8	13	1	1616	47000001	59500000	-0.78948834171199
8	13	2	1617	59500001	115500000	-0.00906936490993336
8	14	2	1618	1	107500000	0.0498456178731013
8	15	2	1619	1	103000000	-0.000528059869763674
8	16	2	1620	1	90500000	0.0882536033846016
8	17	2	1621	1	81500000	-0.0634943342131188
8	18	2	1622	1	78500000	-0.0212680109441258
8	20	2	1623	1	63500000	0.00389664535997951
8	19	2	1624	1	59500000	-0.0188236261860749
8	22	2	1625	1	51500000	-0.11882690612604
8	21	2	1626	1	48500000	-0.0330218097247155
95	1	2	1627	1	249500000	0.0488421373092475
95	2	2	1628	1	39000000	-0.0104818062715619
95	2	1	1629	39000001	50000000	-0.846919127120548
95	2	2	1630	50000001	243500000	0.0622639044015041
95	3	2	1631	1	198500000	0.0594160331065957
95	4	2	1632	1	191500000	0.0818530325029367
95	5	2	1633	1	181000000	0.0821116228691345
95	6	2	1634	1	171500000	0.0284790237441252
95	7	2	1635	1	159500000	0.0622560062836065
95	8	2	1637	1	146500000	-0.0168878716271304
95	9	2	1638	1	141500000	-0.0146084147613702
95	10	2	1639	1	136000000	-0.0543180829454527
95	11	2	1640	1	135500000	-0.00848427263237312
95	12	2	1641	1	134000000	0.0544692855534334
95	13	2	1642	1	47000000	-0.082599012603866
95	13	1	1643	47000001	59500000	-0.912552746641162
95	13	2	1644	59500001	115500000	0.0223043220909523
95	14	2	1645	1	107500000	0.0190064614190928
95	15	2	1646	1	103000000	-0.0909823601578315
95	16	2	1647	1	90500000	-0.0162066412067245
95	17	2	1648	1	81500000	-0.06923316234331
95	18	2	1649	1	78500000	-0.0183260233406118
95	20	2	1650	1	63500000	-0.0823020915020522
95	19	2	1651	1	59500000	-0.118254989199238
95	22	2	1652	1	51500000	-0.180216754344612
95	21	2	1653	1	48500000	-0.0587177881160424
57	1	2	1654	1	249500000	0.0482204225895735
57	2	2	1655	1	39000000	-0.0528566874602307
57	2	1	1656	39000001	50000000	-0.839204065515146
57	2	2	1657	50000001	243500000	0.0322581359840923
57	3	2	1658	1	198500000	0.0173312395428361
57	4	2	1659	1	191500000	0.0334205250855731
57	5	2	1660	1	181000000	0.0119631891957885
57	6	2	1661	1	171500000	-0.0159765105271912
57	7	2	1662	1	159500000	0.0138298007918176
57	8	2	1664	1	146500000	0.0174905043116116
57	9	2	1665	1	141500000	0.0207910521217814
57	10	2	1666	1	136000000	-0.00248537487850999
57	11	2	1667	1	135500000	-0.0144794555304102
57	12	2	1668	1	134000000	0.00156806356618956
57	13	2	1669	1	47500000	0.036278035582002
57	13	1	1670	47500001	60000000	-0.859360987761736
57	13	2	1671	60000001	115500000	0.0812980148851357
57	14	2	1672	1	107500000	0.00517841419015016
57	15	2	1673	1	103000000	0.0329100608873088
57	16	2	1674	1	90500000	0.0731318930310447
57	17	2	1675	1	81500000	-0.000591083762608515
57	18	2	1676	1	78500000	0.00623224374816612
57	20	2	1677	1	63500000	-0.0196915978919013
57	19	2	1678	1	59500000	0.0203072757210333
57	22	2	1679	1	51500000	-0.0143311970179123
57	21	2	1680	1	48500000	0.0386461124885293
12	1	2	1681	1	249500000	0.0424126403958388
12	2	2	1682	1	39000000	-0.0310492682054415
12	2	1	1683	39000001	50000000	-0.907573255639091
12	2	2	1684	50000001	243500000	0.0195102864737682
12	3	2	1685	1	198500000	0.0307297834938611
12	4	2	1686	1	191500000	0.0051515630596579
12	5	2	1687	1	181000000	0.00476565080391086
12	6	2	1688	1	171500000	0.00396756666395015
12	7	2	1689	1	159500000	-0.000859252553414328
12	8	2	1691	1	146500000	0.0170625212179249
12	9	2	1692	1	141500000	-0.0151507556379811
12	10	2	1693	1	136000000	0.00216077533758173
12	11	2	1694	1	135500000	-0.0100523206059182
12	12	2	1695	1	134000000	-0.00367613185568474
12	13	2	1696	1	47500000	0.0471021173921033
12	13	1	1697	47500001	59500000	-0.836068868373546
12	13	2	1698	59500001	115500000	0.00936695198082057
12	14	2	1699	1	107500000	-0.0075348501708694
12	15	2	1700	1	103000000	0.0282656906451929
12	16	2	1701	1	90500000	0.0663668614421802
12	17	2	1702	1	81500000	-0.033126611287127
12	18	2	1703	1	78500000	0.0494318558927637
12	20	2	1704	1	63500000	0.0128329552146524
12	19	2	1705	1	59500000	-0.0533807130411522
12	22	2	1706	1	51500000	-0.0747518025493295
12	21	2	1707	1	48500000	0.0320262558767094
54	1	2	1708	1	249500000	0.0424760981614727
54	2	2	1709	1	39000000	-0.0220003243964762
54	2	1	1710	39000001	50000000	-0.927842566640615
54	2	2	1711	50000001	243500000	0.0446139374674484
54	3	2	1712	1	198500000	0.0340755955496594
54	4	2	1713	1	191500000	0.0316581919109705
54	5	2	1714	1	181000000	0.00315232519565999
54	6	2	1715	1	171500000	0.0221618196917454
54	7	2	1716	1	159500000	0.0180746757349036
54	8	2	1718	1	146500000	-0.0128664859601512
54	9	2	1719	1	141500000	-0.00189484400284561
54	10	2	1720	1	136000000	0.0021278007257525
54	11	2	1721	1	135500000	0.00202053252117865
54	12	2	1722	1	134000000	-0.0238880167798811
54	13	2	1723	1	47500000	0.0176676075627247
54	13	1	1724	47500001	59500000	-0.800248697886784
54	13	2	1725	59500001	115500000	0.0533317932018659
54	14	2	1726	1	107500000	0.0387139426946122
54	15	2	1727	1	103000000	0.0170229565323054
54	16	2	1728	1	90500000	0.0525629096859679
54	17	2	1729	1	81500000	-0.0558855966173905
54	18	2	1730	1	78500000	-0.000315409662419204
54	20	2	1731	1	63500000	-0.000176941939748925
54	19	2	1732	1	59500000	-0.0432705942113153
54	22	2	1733	1	51500000	-0.0921615117024827
54	21	2	1734	1	48500000	0.0610612689062013
96	1	2	1735	1	249500000	0.0526755283684923
96	2	2	1736	1	38500000	-0.043431818225425
96	2	1	1737	38500001	50000000	-0.769005121761423
96	2	2	1738	50000001	243500000	0.034479413189145
96	3	2	1739	1	198500000	0.0282078299408386
96	4	2	1740	1	191500000	0.0332029052689734
96	5	2	1741	1	181000000	0.00159369431757194
96	6	2	1742	1	171500000	0.00346973899808297
96	7	2	1743	1	159500000	0.012649673667672
96	8	2	1745	1	146500000	-0.000100434740938947
96	9	2	1746	1	141500000	-0.00534811775206626
96	10	2	1747	1	136000000	-0.00849262760736265
96	11	2	1748	1	135500000	-0.015347666188344
96	12	2	1749	1	134000000	0.00738951517233046
96	13	2	1750	1	47500000	-0.00273709903039564
96	13	1	1751	47500001	59500000	-0.79776131680795
96	13	2	1752	59500001	115500000	0.0385810935994989
96	14	2	1753	1	107500000	0.0277234348959909
96	15	2	1754	1	103000000	0.0406861564886829
96	16	2	1755	1	90500000	0.027859747419726
96	17	2	1756	1	81500000	0.0398143289629079
96	18	2	1757	1	78500000	0.00215901249345907
96	20	2	1758	1	63500000	-0.0205533262584894
96	19	2	1759	1	59500000	-0.0590873882033809
96	22	2	1760	1	51500000	-0.0641509570781441
96	21	2	1761	1	48500000	-0.0145769950676867
89	1	2	1762	1	249500000	0.0378798475090681
89	2	2	1763	1	38500000	-0.10899807110534
89	2	1	1764	38500001	50000000	-0.839836358647421
89	2	2	1765	50000001	243500000	0.0410288433369435
89	3	2	1766	1	198500000	0.0130418587864594
89	4	2	1767	1	191500000	0.0281763710254246
89	5	2	1768	1	181000000	0.0234391475888165
89	6	2	1769	1	171500000	0.0146923216398812
89	7	2	1770	1	159500000	0.0370307764005305
89	8	2	1772	1	146500000	-0.0354525726782274
89	9	2	1773	1	141500000	0.00179617028960695
89	10	2	1774	1	136000000	0.0163680969422464
89	11	2	1775	1	135500000	0.00398344306466094
89	12	2	1776	1	134000000	-0.00610876313918501
89	13	2	1777	1	47500000	0.0116685811444388
89	13	1	1778	47500001	59500000	-0.81820694072614
89	13	2	1779	59500001	115500000	-0.0206345959988205
89	14	2	1780	1	107500000	0.0189470541826167
89	15	2	1781	1	103000000	0.032630059875983
89	16	2	1782	1	90500000	0.0453378633549683
89	17	2	1783	1	81500000	-0.0398689865332838
89	18	2	1784	1	78500000	0.0516559754341322
89	20	2	1785	1	63500000	-0.0212039718747428
89	19	2	1786	1	59500000	-0.0339694050614804
89	22	2	1787	1	51500000	-0.139191975349776
89	21	2	1788	1	48500000	-0.0120997521362423
66	1	2	1789	1	249500000	0.101637872974468
66	2	2	1790	1	38500000	-0.0233797854794563
66	2	1	1791	38500001	50000000	-0.886899240199913
66	2	2	1792	50000001	243500000	0.0436650293980509
66	3	2	1793	1	198500000	0.0433425877582667
66	4	2	1794	1	191500000	0.0413585172891014
66	5	2	1795	1	181000000	0.0257169689941895
66	6	2	1796	1	171500000	0.0283824726576319
66	7	2	1797	1	159500000	0.03504448344985
66	8	2	1799	1	146500000	0.00201275067428425
66	9	2	1800	1	141500000	0.0124235114937718
66	10	2	1801	1	136000000	0.0181540736563037
66	11	2	1802	1	135500000	0.0451142653003726
66	12	2	1803	1	134000000	0.0399974515919747
66	13	2	1804	1	47500000	-0.0892885981210258
66	13	1	1805	47500001	59500000	-0.874383809110058
66	13	2	1806	59500001	115500000	0.0461274934923275
66	14	2	1807	1	107500000	0.0871710443214954
66	15	2	1808	1	103000000	0.0291801538596866
66	16	2	1809	1	90500000	0.0801065073762261
66	17	2	1810	1	81500000	0.0633256917113745
66	18	2	1811	1	78500000	-0.0230582712123113
66	20	2	1812	1	63500000	0.0237897502995431
66	19	2	1813	1	59500000	-0.0047256823912087
66	22	2	1814	1	51500000	-0.0367631398408882
66	21	2	1815	1	48500000	-0.0174116640422206
64	1	2	1816	1	249500000	0.0249546097952765
64	2	2	1817	1	38500000	-0.0509895969612009
64	2	1	1818	38500001	50000000	-0.983159842168775
64	2	2	1819	50000001	243500000	0.017144075429326
64	3	2	1820	1	198500000	0.0263505622133787
64	4	2	1821	1	191500000	0.0375614918951783
64	5	2	1822	1	181000000	0.00778045863588625
64	6	2	1823	1	171500000	0.0146246212245526
64	7	2	1824	1	159500000	0.0251429467883862
64	8	2	1826	1	146500000	0.0019927173024139
64	9	2	1827	1	141500000	0.00231408133977262
64	10	2	1828	1	136000000	0.00482462445312259
64	11	2	1829	1	135500000	-0.016967682015655
64	12	2	1830	1	134000000	-0.0312767811002777
64	13	2	1831	1	47500000	-0.0139250060655211
64	13	1	1832	47500001	59500000	-0.825207617192883
64	13	2	1833	59500001	115500000	0.0278946857366909
64	14	2	1834	1	107500000	0.0346430116882917
64	15	2	1835	1	103000000	-0.0224124710067781
64	16	2	1836	1	90500000	0.0609527478097279
64	17	2	1837	1	81500000	-0.0632259960170996
64	18	2	1838	1	78500000	0.00285253006427336
64	20	2	1839	1	63500000	-0.0411486656304051
64	19	2	1840	1	59500000	-0.00193079453734396
64	22	2	1841	1	51500000	-0.0472810236754047
64	21	2	1842	1	48500000	-0.0136151310692166
55	1	2	1843	1	249500000	0.0230206440172488
55	2	2	1844	1	38500000	-0.0328396682632217
55	2	1	1845	38500001	50000000	-0.959731656279845
55	2	2	1846	50000001	243500000	0.0336213018665183
55	3	2	1847	1	198500000	0.017806885216672
55	4	2	1848	1	191500000	0.0317362807343593
55	5	2	1849	1	181000000	0.0134742417581374
55	6	2	1850	1	171500000	-0.00387420092380283
55	7	2	1851	1	159500000	0.030902972523411
55	8	2	1853	1	146500000	-0.00122622663095546
55	9	2	1854	1	141500000	0.00208625067795742
55	10	2	1855	1	136000000	-0.0212523705886737
55	11	2	1856	1	135500000	-0.0208132310008593
55	12	2	1857	1	134000000	-0.0049857276074819
55	13	2	1858	1	47500000	-0.0538357523475444
55	13	1	1859	47500001	59500000	-0.886811243892641
55	13	2	1860	59500001	115500000	0.0317934238085157
55	14	2	1861	1	107500000	0.0257502992579269
55	15	2	1862	1	103000000	-0.0160183234432302
55	16	2	1863	1	90500000	0.026501208093419
55	17	2	1864	1	81500000	-0.0661646433542857
55	18	2	1865	1	78500000	-0.00840540241721704
55	20	2	1866	1	63500000	0.0181868117252668
55	19	2	1867	1	59500000	-0.0423730161655155
55	22	2	1868	1	51500000	-0.0921617743253337
55	21	2	1869	1	48500000	0.00483534210909136
39	1	2	1870	1	249500000	0.0254459062192022
39	2	2	1871	1	38500000	-0.00696375431191703
39	2	1	1872	38500001	50000000	-0.853389212484677
39	2	2	1873	50000001	243500000	0.0549259141585392
39	3	2	1874	1	198500000	0.0363977474035667
39	4	2	1875	1	191500000	0.0293376682013568
39	5	2	1876	1	181000000	0.0289517241593903
39	6	2	1877	1	171500000	0.0131791723817898
39	7	2	1878	1	159500000	0.0123715671796977
39	8	2	1880	1	146500000	0.0268741005844572
39	9	2	1881	1	141500000	0.0400351358639998
39	10	2	1882	1	136000000	0.0167821267531626
39	11	2	1883	1	135500000	0.000602756570634721
39	12	2	1884	1	134000000	-0.0177251728273906
39	13	2	1885	1	47500000	0.0521176839442437
39	13	1	1886	47500001	59500000	-0.793625650346434
39	13	2	1887	59500001	115500000	0.00643891863093331
39	14	2	1888	1	107500000	0.0180217953117606
39	15	2	1889	1	103000000	0.00360264095071842
39	16	2	1890	1	90500000	0.00123192580222017
39	17	2	1891	1	81500000	-0.104263252243036
39	18	2	1892	1	78500000	0.0194301630004748
39	20	2	1893	1	63500000	-0.0502652647229482
39	19	2	1894	1	59500000	-0.033046190740152
39	22	2	1895	1	51500000	-0.151202349012636
39	21	2	1896	1	48500000	-0.00522156617641682
11	1	2	1897	1	249500000	0.032476086142459
11	2	2	1898	1	38500000	-0.0396293343923628
11	2	1	1899	38500001	50000000	-0.877218019985999
11	2	2	1900	50000001	243500000	0.0264333846882624
11	3	2	1901	1	198500000	0.0227993145609619
11	4	2	1902	1	191500000	0.0244630029904248
11	5	2	1903	1	181000000	0.0100938221736858
11	6	2	1904	1	171500000	0.0105123338734034
11	7	2	1905	1	159500000	0.0437457037971849
11	8	2	1907	1	146500000	0.0161097139881767
11	9	2	1908	1	141500000	0.00536954999987886
11	10	2	1909	1	136000000	-0.0226900684614209
11	11	2	1910	1	135500000	-0.00594800208332101
11	12	2	1911	1	134000000	0.00238178197873046
11	13	2	1912	1	47500000	-0.0454457198510532
11	13	1	1913	47500001	59500000	-0.899665021764669
11	13	2	1914	59500001	115500000	-0.00801350139540301
11	14	2	1915	1	107500000	0.0254096532689572
11	15	2	1916	1	103000000	-0.0280392366580789
11	16	2	1917	1	90500000	0.0472725781833941
11	17	2	1918	1	81500000	-0.0476209240770941
11	18	2	1919	1	78500000	-0.00108813220613685
11	20	2	1920	1	63500000	0.000877958149631956
11	19	2	1921	1	59500000	-0.0181221981746769
11	22	2	1922	1	51500000	-0.0863872394130743
11	21	2	1923	1	48500000	-0.00393940292171668
33	1	2	1924	1	249500000	0.113043084273514
33	2	2	1925	1	38500000	0.0127233046792341
33	2	1	1926	38500001	50000000	-0.812353217807311
33	2	2	1927	50000001	243500000	0.0456779810997487
33	3	2	1928	1	198500000	0.0319429612595517
33	4	2	1929	1	191500000	-0.000952468613003495
33	5	2	1930	1	181000000	0.0284527030878347
33	6	2	1931	1	171500000	-0.00105377963423484
33	7	2	1932	1	159500000	0.0258315841241852
33	8	2	1934	1	146500000	0.0271968482866236
33	9	2	1935	1	141500000	0.0405369092282327
33	10	2	1936	1	136000000	0.00270334258310182
33	11	2	1937	1	135500000	0.0270670367685371
33	12	2	1938	1	134000000	0.0306411411783653
33	13	2	1939	1	47500000	0.039430601676531
33	13	1	1940	47500001	59500000	-0.86992615940465
33	13	2	1941	59500001	115500000	-0.00786280841191286
33	14	2	1942	1	107500000	-0.00811969238842304
33	15	2	1943	1	103000000	-0.00705001321638586
33	16	2	1944	1	90500000	0.132938019444615
33	17	2	1945	1	81500000	0.0792248899943589
33	18	2	1946	1	78500000	-0.0281573695636315
33	20	2	1947	1	63500000	0.0131638250761323
33	19	2	1948	1	59500000	0.0823662181952658
33	22	2	1949	1	51500000	0.198032182440417
33	21	2	1950	1	48500000	0.042058118229386
34	1	2	1951	1	249500000	0.043182616547509
34	2	2	1952	1	38500000	-0.0207532929290841
34	2	1	1953	38500001	50000000	-0.842414019298791
34	2	2	1954	50000001	243500000	0.0136427305967849
34	3	2	1955	1	198500000	0.00554422821822091
34	4	2	1956	1	191500000	-0.0244134616625391
34	5	2	1957	1	181000000	-0.0420841265124328
34	6	2	1958	1	171500000	-0.0128817822163982
34	7	2	1959	1	159500000	0.0217396070250326
34	8	2	1961	1	146500000	-0.00545619129304519
34	9	2	1962	1	141500000	-0.0188063836606071
34	10	2	1963	1	136000000	0.000694876844922444
34	11	2	1964	1	135500000	-0.000821404468573023
34	12	2	1965	1	134000000	0.000395492715014553
34	13	2	1966	1	46500000	0.0209067841953461
34	13	1	1967	46500001	59500000	-0.87068744164709
34	13	2	1968	59500001	115500000	0.0610920241403937
34	14	2	1969	1	107500000	0.0138383108253036
34	15	2	1970	1	103000000	0.0105995487128475
34	16	2	1971	1	90500000	0.096859944332763
34	17	2	1972	1	81500000	0.00944859336060424
34	18	2	1973	1	78500000	0.0496861945103039
34	20	2	1974	1	63500000	0.0244619090932405
34	19	2	1975	1	59500000	0.034330473286601
34	22	2	1976	1	51500000	-0.0035962371798586
34	21	2	1977	1	48500000	0.0568922186413355
80	1	2	1978	1	249500000	0.0335823581131089
80	2	2	1979	1	38500000	-0.0612197510816805
80	2	1	1980	38500001	50000000	-0.887368315856596
80	2	2	1981	50000001	243500000	0.0649599750712105
80	3	2	1982	1	198500000	0.0221537777724119
80	4	2	1983	1	191500000	0.0386982505143898
80	5	2	1984	1	181000000	0.00880078067549096
80	6	2	1985	1	171500000	-0.0033386570540902
80	7	2	1986	1	159500000	0.00481888535436049
80	8	2	1988	1	146500000	0.0164240877593165
80	9	2	1989	1	141500000	0.00950919080040598
80	10	2	1990	1	136000000	0.000718645788929462
80	11	2	1991	1	135500000	-0.00172444945092079
80	12	2	1992	1	134000000	-0.0133725499478316
80	13	2	1993	1	47000000	0.0632192063647499
80	13	1	1994	47000001	59500000	-0.744450650005122
80	13	2	1995	59500001	115500000	0.0395901734732071
80	14	2	1996	1	107500000	0.0307077398345759
80	15	2	1997	1	103000000	0.00202936333513994
80	16	2	1998	1	90500000	0.0385297708654119
80	17	2	1999	1	81500000	-0.0380392385195568
80	18	2	2000	1	78500000	0.0232386207210015
80	20	2	2001	1	63500000	-0.00324337178839779
80	19	2	2002	1	59500000	-0.0754523566481005
80	22	2	2003	1	51500000	-0.0694076073582894
80	21	2	2004	1	48500000	0.0621135264264831
44	1	2	2005	1	249500000	0.0267983893664124
44	2	2	2006	1	38500000	-0.0328665998342232
44	2	1	2007	38500001	50000000	-0.850249076255151
44	2	2	2008	50000001	243500000	0.0316241833544263
44	3	2	2009	1	198500000	0.0311546496968747
44	4	2	2010	1	191500000	0.0473092817153056
44	5	2	2011	1	181000000	0.0191498066351407
44	6	2	2012	1	171500000	-0.00401477385061537
44	7	2	2013	1	159500000	0.0251946680326512
44	8	2	2015	1	146500000	0.0152675107374357
44	9	2	2016	1	141500000	0.0140965392410121
44	10	2	2017	1	136000000	-0.0158018133164324
44	11	2	2018	1	135500000	-0.00357516463213126
44	12	2	2019	1	134000000	0.0142176640211047
44	13	2	2020	1	47000000	-0.0194990425444971
44	13	1	2021	47000001	59500000	-0.891405717036221
44	13	2	2022	59500001	115500000	0.00677742951344128
44	14	2	2023	1	107500000	0.0330582766255791
44	15	2	2024	1	103000000	-0.021532696725495
44	16	2	2025	1	90500000	0.0338134162504608
44	17	2	2026	1	81500000	-0.0901993370274731
44	18	2	2027	1	78500000	0.0407431681480316
44	20	2	2028	1	63500000	-0.0101119959699526
44	19	2	2029	1	59500000	-0.0942604178302965
44	22	2	2030	1	51500000	-0.118009327815201
44	21	2	2031	1	48500000	-0.00674052541720597
60	1	2	2032	1	249500000	0.0306514496009622
60	2	2	2033	1	38500000	-0.0240478716290916
60	2	1	2034	38500001	50000000	-0.873494223425879
60	2	2	2035	50000001	243500000	0.0226631889541126
60	3	2	2036	1	198500000	0.0322436588330309
60	4	2	2037	1	191500000	0.0196062255193682
60	5	2	2038	1	181000000	-0.00414690640398428
60	6	2	2039	1	171500000	0.00118821576948114
60	7	2	2040	1	159500000	0.00812857807069435
60	8	2	2042	1	146500000	-0.000819540160173903
60	9	2	2043	1	141500000	-0.00276368378161211
60	10	2	2044	1	136000000	-0.00382742969952001
60	11	2	2045	1	135500000	-0.0258744287053122
60	12	2	2046	1	134000000	-0.0124847072198026
60	13	2	2047	1	47000000	0.00870863923164641
60	13	1	2048	47000001	59500000	-0.862825028266659
60	13	2	2049	59500001	115500000	0.00238689118860956
60	14	2	2050	1	107500000	0.0185948378279854
60	15	2	2051	1	103000000	-0.00844632402665705
60	16	2	2052	1	90500000	0.000446705920490186
60	17	2	2053	1	81500000	-0.111816596572203
60	18	2	2054	1	78500000	-0.0312527481285751
60	20	2	2055	1	63500000	-0.00557137899532222
60	19	2	2056	1	59500000	-0.0861491913579427
60	22	2	2057	1	51500000	-0.130368618128283
60	21	2	2058	1	48500000	-0.0487639614274035
20	1	2	2059	1	249500000	0.0473470432548308
20	2	2	2060	1	38500000	0.0346565403841148
20	2	1	2061	38500001	50000000	-0.880453340100195
20	2	2	2062	50000001	243500000	0.00866216125671616
20	3	2	2063	1	198500000	0.104218699146732
20	4	2	2064	1	191500000	0.0448883859520004
20	5	2	2065	1	181000000	0.0570201343928243
20	6	2	2066	1	171500000	0.0467876306284832
20	7	2	2067	1	159500000	0.0604288255543972
20	8	2	2069	1	146500000	0.0411364580556787
20	9	2	2070	1	141500000	-0.0244379263572699
20	10	2	2071	1	136000000	-0.0285911278935689
20	11	2	2072	1	135500000	0.00701037917947235
20	12	2	2073	1	134000000	0.0225648359189975
20	13	2	2074	1	115500000	-0.087536207408931
20	14	2	2075	1	107500000	0.036323394148655
20	15	2	2076	1	103000000	-0.0563471630436614
20	16	2	2077	1	90500000	-0.0446537441488993
20	17	2	2078	1	81500000	-0.0652894936033358
20	18	2	2079	1	78500000	0.0209383824360244
20	20	2	2080	1	63500000	0.0182812299643648
20	19	2	2081	1	59500000	-0.116308259001423
20	22	2	2082	1	51500000	-0.112940756679648
20	21	2	2083	1	48500000	-0.0124724817232663
90	1	2	2084	1	249500000	0.0903949901255559
90	2	2	2085	1	39000000	0.0470453005522966
90	2	1	2086	39000001	50000000	-0.828714250372132
90	2	2	2087	50000001	243500000	0.0900010228697324
90	3	2	2088	1	198500000	0.011275057696251
90	4	2	2089	1	191500000	0.00200023955039348
90	5	2	2090	1	181000000	-0.00236496796373706
90	6	2	2091	1	171500000	-0.0147785356584176
90	7	2	2092	1	159500000	-0.0131303404164406
90	8	2	2094	1	146500000	-0.0403503104296265
90	9	2	2095	1	141500000	0.0216158356279044
90	10	2	2096	1	136000000	0.0266514949547944
90	11	2	2097	1	135500000	-0.0410080692113077
90	12	2	2098	1	134000000	0.0148702694058017
90	13	2	2099	1	115500000	-0.0800769004678673
90	14	2	2100	1	107500000	0.053204758469629
90	15	2	2101	1	103000000	0.0718747035060951
90	16	2	2102	1	90500000	0.0390378933973091
90	17	2	2103	1	81500000	-0.0149818357378153
90	18	2	2104	1	78500000	0.0493254668151631
90	20	2	2105	1	63500000	0.0281435365490024
90	19	2	2106	1	59500000	-0.0324876345989958
90	22	2	2107	1	51500000	-0.0937144347182126
90	21	2	2108	1	48500000	0.0333553283888617
65	1	2	2109	1	249500000	0.0730483165849303
65	2	2	2110	1	243500000	-0.0176544200340216
65	3	2	2111	1	198500000	0.0322590621802626
65	4	2	2112	1	191500000	0.00626370272612849
65	5	2	2113	1	181000000	0.00980716950872853
65	6	2	2114	1	171500000	0.0165003884005781
65	7	2	2115	1	159500000	0.0103790285459924
65	8	2	2117	1	146500000	-0.000327171103752843
65	9	2	2118	1	141500000	0.0465314483973933
65	10	2	2119	1	136000000	0.0382855261320376
65	11	2	2120	1	135500000	0.0368032144068269
65	12	2	2121	1	134000000	-0.019188828013236
65	13	2	2122	1	115500000	-0.0491525706190815
65	14	2	2123	1	107500000	0.042419323637782
65	15	2	2124	1	103000000	0.0798355088133093
65	16	2	2125	1	90500000	0.0828478608796613
65	17	2	2126	1	81500000	-0.0259524476249418
65	18	2	2127	1	78500000	0.0599031649340512
65	20	2	2128	1	63500000	0.00582691175266062
65	19	2	2129	1	59500000	-0.0722076696209908
65	22	2	2130	1	51500000	-0.163064966291552
65	21	2	2131	1	48500000	-0.0135718694816651
81	1	2	2132	1	249500000	0.0362809097626302
81	2	2	2133	1	243500000	0.00967775849892521
81	3	2	2134	1	198500000	0.0174421063307401
81	4	2	2135	1	191500000	0.0424912618171113
81	5	2	2136	1	181000000	-0.00289422093205131
81	6	2	2137	1	171500000	0.021961075043939
81	7	2	2138	1	159500000	0.0505677589713221
81	8	2	2140	1	146500000	-0.0115077312668688
81	9	2	2141	1	141500000	0.0219701608099133
81	10	2	2142	1	136000000	0.0121316098662193
81	11	2	2143	1	135500000	0.0206015231133657
81	12	2	2144	1	134000000	0.0294632117576323
81	13	2	2145	1	47500000	-0.00517797501685862
81	13	1	2146	47500001	61000000	-0.812509965501579
81	13	2	2147	61000001	115500000	0.0151640506937513
81	14	2	2148	1	107500000	0.0482687692864183
81	15	2	2149	1	103000000	0.00870142036225803
81	16	2	2150	1	90500000	0.0962116907935319
81	17	2	2151	1	81500000	-0.0332903824240942
81	18	2	2152	1	78500000	0.0110390009259328
81	20	2	2153	1	63500000	0.0877866631085913
81	19	2	2154	1	59500000	-0.0542128521858752
81	22	2	2155	1	51500000	-0.031847408880383
81	21	2	2156	1	48500000	0.0421423728092201
